193
80
187
201
47
172
30
124
136
222
160
168
41
119
23
85
0
4
11
115
0
0
0
1
34
110
0
1
0
3
0
1
0
1
0
3
0
1
0
3
0
1
0
0
0
1
0
1
0
1
0
1
0
1
0
1
0
0
0
1
49
142
0
0
0
3
0
0
0
0
0
0
0
0
0
0
0
0
0
0
0
0
0
0
0
0
0
0
0
0
0
0
0
0
23
84
18
153
0
1
0
0
0
0
0
0
0
6
0
0
0
1
0
0
0
0
0
0
0
0
0
0
0
0
0
0
0
0
0
0
0
3
0
0
0
0
15
134
0
1
0
3
0
0
0
0
0
1
0
0
62
161
0
1
0
0
0
0
0
0
0
0
0
0
0
0
12
56
0
0
0
2
0
1
0
0
0
15
0
8
0
0
0
0
0
4
0
11
39
100
0
1
0
0
0
0
0
0
0
0
0
0
0
2
0
0
0
0
0
0
0
0
0
0
12
47
0
6
0
0
0
0
0
0
0
0
0
0
0
0
0
0
0
0
0
0
0
0
0
0
0
0
0
0
0
0
0
0
0
0
0
0
0
0
0
0
0
0
0
0
0
0
0
0
0
0
0
0
0
0
0
0
0
0
0
0
0
0
0
0
0
0
0
0
0
0
0
0
0
2
0
0
0
0
0
0
0
0
0
0
0
0
0
0
0
0
0
0
0
0
0
0
0
0
0
0
69
201
0
14
0
0
0
0
0
0
0
2
4
41
25
80
0
5
0
6
1
25
0
4
0
1
0
0
0
0
0
3
0
2
0
28
0
2
0
1
0
0
0
0
0
0
0
1
0
2
0
0
107
180
0
0
0
0
0
0
0
0
0
9
0
0
0
4
0
0
0
0
31
132
0
0
0
0
0
0
0
0
0
0
0
0
0
0
0
0
0
0
0
0
0
0
0
0
0
0
0
0
0
0
0
0
0
0
0
0
0
0
0
0
0
0
0
0
0
0
0
0
0
0
0
0
0
0
0
0
0
0
0
0
0
0
0
0
0
0
0
0
14
82
0
0
0
0
0
0
45
158
22
139
0
0
0
0
0
0
0
0
0
0
0
0
0
1
0
0
0
0
24
111
3
57
0
0
28
210
0
0
0
5
0
0
0
0
0
5
5
10
0
0
0
0
0
0
0
0
0
0
0
6
0
0
50
133
0
0
49
142
0
0
0
0
1
14
70
226
0
0
0
0
0
0
1
6
0
0
3
22
74
210
16
97
0
0
0
0
0
0
0
0
0
0
0
0
0
0
0
0
0
0
0
0
0
0
0
0
0
0
0
0
0
0
0
0
0
0
0
0
0
0
0
0
0
0
0
0
0
0
0
0
0
0
0
0
0
0
0
0
0
0
0
0
0
0
0
0
0
0
0
0
0
0
0
4
0
0
0
0
0
0
0
6
0
0
0
0
0
0
0
0
0
0
0
1
82
140
30
154
7
47
0
4
0
1
0
0
0
0
0
0
0
4
36
78
1
20
0
0
2
7
0
2
0
9
0
8
0
10
0
0
0
6
0
0
0
6
0
0
1
23
0
0
0
0
0
0
1
35
0
2
0
0
0
0
0
0
0
0
2
12
0
7
0
0
0
4
0
0
19
104
0
4
0
1
0
5
0
2
0
0
0
0
1
9
50
188
0
0
3
51
0
2
0
4
0
0
0
1
0
0
0
0
0
1
0
0
0
0
0
1
0
0
0
0
0
1
0
0
0
0
0
0
0
0
0
0