80
201
172
124
222
168
119
85
4
115
0
1
110
1
3
1
1
3
1
3
1
0
1
1
1
1
1
1
0
1
142
0
3
0
0
0
0
0
0
0
0
0
0
0
0
0
0
84
153
1
0
0
0
6
0
1
0
0
0
0
0
0
0
0
0
3
0
0
134
1
3
0
0
1
0
161
1
0
0
0
0
0
0
56
0
2
1
0
15
8
0
0
4
11
100
1
0
0
0
0
0
2
0
0
0
0
0
47
6
0
0
0
0
0
0
0
0
0
0
0
0
0
0
0
0
0
0
0
0
0
0
0
0
0
0
0
0
0
0
0
0
0
0
0
2
0
0
0
0
0
0
0
0
0
0
0
0
0
201
14
0
0
0
2
41
80
5
6
25
4
1
0
0
3
2
28
2
1
0
0
0
1
2
0
180
0
0
0
0
9
0
4
0
0
132
0
0
0
0
0
0
0
0
0
0
0
0
0
0
0
0
0
0
0
0
0
0
0
0
0
0
0
0
0
0
0
0
0
0
82
0
0
0
158
139
0
0
0
0
0
0
1
0
0
111
57
0
210
0
5
0
0
5
10
0
0
0
0
0
6
0
133
0
142
0
0
14
226
0
0
0
6
0
22
210
97
0
0
0
0
0
0
0
0
0
0
0
0
0
0
0
0
0
0
0
0
0
0
0
0
0
0
0
0
0
0
0
0
0
0
0
4
0
0
0
6
0
0
0
0
0
1
140
154
47
4
1
0
0
0
4
78
20
0
7
2
9
8
10
0
6
0
6
0
23
0
0
0
35
2
0
0
0
0
12
7
0
4
0
104
4
1
5
2
0
0
9
188
0
51
2
4
0
1
0
0
1
0
0
1
0
0
1
0
0
0
0
0
